3 81
1 2 3 
4 5 6 
7 8 9 
1 1 1 1 1
1 1 1 1 2
1 1 1 1 3
1 1 2 1 2
1 1 2 1 3
1 1 3 1 3
1 1 1 2 1
1 1 1 2 2
1 1 1 2 3
1 1 2 2 2
1 1 2 2 3
1 1 3 2 3
1 1 1 3 1
1 1 1 3 2
1 1 1 3 3
1 1 2 3 2
1 1 2 3 3
1 1 3 3 3
1 2 1 2 1
1 2 1 2 2
1 2 1 2 3
1 2 2 2 2
1 2 2 2 3
1 2 3 2 3
1 2 1 3 1
1 2 1 3 2
1 2 1 3 3
1 2 2 3 2
1 2 2 3 3
1 2 3 3 3
1 3 1 3 1
1 3 1 3 2
1 3 1 3 3
1 3 2 3 2
1 3 2 3 3
1 3 3 3 3
0 1 1 2407
0 1 2 3869
0 1 3 12806
0 2 1 73365
0 2 2 4369
0 2 3 62994
0 3 1 59545
0 3 2 61506
0 3 3 95770
1 1 1 1 1
1 1 1 1 2
1 1 1 1 3
1 1 2 1 2
1 1 2 1 3
1 1 3 1 3
1 1 1 2 1
1 1 1 2 2
1 1 1 2 3
1 1 2 2 2
1 1 2 2 3
1 1 3 2 3
1 1 1 3 1
1 1 1 3 2
1 1 1 3 3
1 1 2 3 2
1 1 2 3 3
1 1 3 3 3
1 2 1 2 1
1 2 1 2 2
1 2 1 2 3
1 2 2 2 2
1 2 2 2 3
1 2 3 2 3
1 2 1 3 1
1 2 1 3 2
1 2 1 3 3
1 2 2 3 2
1 2 2 3 3
1 2 3 3 3
1 3 1 3 1
1 3 1 3 2
1 3 1 3 3
1 3 2 3 2
1 3 2 3 3
1 3 3 3 3


Answer

1
3
6
2
5
3
5
12
21
7
16
9
12
27
45
15
33
18
4
9
15
5
11
6
11
24
39
13
28
15
7
15
24
8
17
9
2407
6276
19082
3869
16675
12806
75772
84010
159810
8238
84038
75800
135317
205061
376631
69744
241314
171570
73365
77734
140728
4369
67363
62994
132910
198785
357549
65875
224639
158764
59545
121051
216821
61506
157276
95770
