4 100
1 2 3 4
5 6 7 8
9 10 11 12
13 14 15 16
1 1 1 1 1
1 1 1 1 2
1 1 1 1 3
1 1 1 1 4
1 1 2 1 2
1 1 2 1 3
1 1 2 1 4
1 1 3 1 3
1 1 3 1 4
1 1 4 1 4
1 1 1 2 1
1 1 1 2 2
1 1 1 2 3
1 1 1 2 4
1 1 2 2 2
1 1 2 2 3
1 1 2 2 4
1 1 3 2 3
1 1 3 2 4
1 1 4 2 4
1 1 1 3 1
1 1 1 3 2
1 1 1 3 3
1 1 1 3 4
1 1 2 3 2
1 1 2 3 3
1 1 2 3 4
1 1 3 3 3
1 1 3 3 4
1 1 4 3 4
1 1 1 4 1
1 1 1 4 2
1 1 1 4 3
1 1 1 4 4
1 1 2 4 2
1 1 2 4 3
1 1 2 4 4
1 1 3 4 3
1 1 3 4 4
1 1 4 4 4
1 2 1 2 1
1 2 1 2 2
1 2 1 2 3
1 2 1 2 4
1 2 2 2 2
1 2 2 2 3
1 2 2 2 4
1 2 3 2 3
1 2 3 2 4
1 2 4 2 4
1 2 1 3 1
1 2 1 3 2
1 2 1 3 3
1 2 1 3 4
1 2 2 3 2
1 2 2 3 3
1 2 2 3 4
1 2 3 3 3
1 2 3 3 4
1 2 4 3 4
1 2 1 4 1
1 2 1 4 2
1 2 1 4 3
1 2 1 4 4
1 2 2 4 2
1 2 2 4 3
1 2 2 4 4
1 2 3 4 3
1 2 3 4 4
1 2 4 4 4
1 3 1 3 1
1 3 1 3 2
1 3 1 3 3
1 3 1 3 4
1 3 2 3 2
1 3 2 3 3
1 3 2 3 4
1 3 3 3 3
1 3 3 3 4
1 3 4 3 4
1 3 1 4 1
1 3 1 4 2
1 3 1 4 3
1 3 1 4 4
1 3 2 4 2
1 3 2 4 3
1 3 2 4 4
1 3 3 4 3
1 3 3 4 4
1 3 4 4 4
1 4 1 4 1
1 4 1 4 2
1 4 1 4 3
1 4 1 4 4
1 4 2 4 2
1 4 2 4 3
1 4 2 4 4
1 4 3 4 3
1 4 3 4 4
1 4 4 4 4

Answer

1
3
6
10
2
5
9
3
7
4
6
14
24
36
8
18
30
10
22
12
15
33
54
78
18
39
63
21
45
24
28
60
96
136
32
68
108
36
76
40
5
11
18
26
6
13
21
7
15
8
14
30
48
68
16
34
54
18
38
20
27
57
90
126
30
63
99
33
69
36
9
19
30
42
10
21
33
11
23
12
22
46
72
100
24
50
78
26
54
28
13
27
42
58
14
29
45
15
31
16
